2023-12-02 15:57:13.437 [info] Telemetry level is off
2023-12-02 15:57:13.437 [info] Experiments are disabled, only manually opted experiments are active.
2023-12-02 15:57:13.476 [info] Default formatter is set to charliermarsh.ruff for workspace /home/like/Documents/pb_labs/LAB12
2023-12-02 15:57:13.480 [info] Test server listening.
2023-12-02 15:57:13.482 [info] Python interpreter path: /bin/python
2023-12-02 15:57:13.875 [info] > conda info --json
2023-12-02 15:57:13.996 [info] Found: /bin/python --> /bin/python3.11
2023-12-02 15:57:13.998 [info] Found: /bin/python3 --> /bin/python3.11
2023-12-02 15:57:13.998 [info] Found: /bin/python3.11 --> /bin/python3.11
2023-12-02 15:57:14.030 [info] Found: /sbin/python --> /sbin/python3.11
2023-12-02 15:57:14.031 [info] Found: /sbin/python3 --> /sbin/python3.11
2023-12-02 15:57:14.032 [info] Found: /sbin/python3.11 --> /sbin/python3.11
2023-12-02 15:57:14.043 [info] Found: /usr/bin/python --> /usr/bin/python3.11
2023-12-02 15:57:14.044 [info] Found: /usr/bin/python3 --> /usr/bin/python3.11
2023-12-02 15:57:14.044 [info] Found: /usr/bin/python3.11 --> /usr/bin/python3.11
2023-12-02 15:57:14.071 [info] Found: /usr/sbin/python --> /usr/sbin/python3.11
2023-12-02 15:57:14.071 [info] Found: /usr/sbin/python3 --> /usr/sbin/python3.11
2023-12-02 15:57:14.071 [info] Found: /usr/sbin/python3.11 --> /usr/sbin/python3.11
2023-12-02 15:57:14.102 [info] > /bin/python -I ~/.vscode-oss/extensions/ms-python.python-2023.20.0-universal/pythonFiles/get_output_via_markers.py ~/.vscode-oss/extensions/ms-python.python-2023.20.0-universal/pythonFiles/interpreterInfo.py
2023-12-02 15:57:14.157 [info] > /sbin/python -I ~/.vscode-oss/extensions/ms-python.python-2023.20.0-universal/pythonFiles/get_output_via_markers.py ~/.vscode-oss/extensions/ms-python.python-2023.20.0-universal/pythonFiles/interpreterInfo.py
2023-12-02 15:57:14.428 [info] > /usr/bin/python -I ~/.vscode-oss/extensions/ms-python.python-2023.20.0-universal/pythonFiles/get_output_via_markers.py ~/.vscode-oss/extensions/ms-python.python-2023.20.0-universal/pythonFiles/interpreterInfo.py
2023-12-02 15:57:14.533 [info] > /usr/sbin/python -I ~/.vscode-oss/extensions/ms-python.python-2023.20.0-universal/pythonFiles/get_output_via_markers.py ~/.vscode-oss/extensions/ms-python.python-2023.20.0-universal/pythonFiles/interpreterInfo.py
2023-12-02 15:57:15.048 [info] Starting Jedi language server for LAB12.
